0	0
1	1
2	2
3	3
4	4
5	5
6	6
7	7
8	8
9	9
10	10
11	11
12	12
13	13
14	14
15	15
16	16
17	17
18	18
19	19
20	20
21	21
22	22
23	23
24	24
25	25
26	26
27	27
28	28
29	29
30	30
31	31
32	32
33	33
34	34
35	35
36	36
37	37
38	38
39	39
40	40
41	41
42	42
43	43
44	44
45	45
46	46
47	47
48	48
49	49
50	50
51	51
52	52
53	53
54	54
55	55
56	56
57	57
58	58
59	59
60	60
61	61
62	62
63	63
64	64
65	65
66	66
67	67
68	68
69	69
70	70
71	71
72	73
73	74
74	75
75	76
76	77
77	79
78	80
79	81
80	82
81	83
82	84
83	85
84	86
85	87
86	88
87	89
88	90
89	91
90	92
91	93
92	94
93	95
94	96
95	97
96	98
97	99
98	100
99	101
100	102
101	103
102	104
103	105
104	106
105	107
106	108
107	109
108	110
109	111
110	112
111	113
112	114
113	115
114	116
115	117
116	118
117	119
118	120
119	121
120	122
121	123
122	124
123	125
124	126
125	127
126	128
127	129
128	130
129	131
130	132
131	133
132	134
133	135
134	136
135	137
136	139
137	140
138	141
139	142
140	143
141	144
142	145
143	146
144	147
145	150
146	151
147	152
148	153
149	154
150	155
151	156
152	157
153	158
154	159
155	160
156	161
157	162
158	163
159	164
160	165
161	166
162	167
163	168
164	169
165	170
166	171
167	172
168	173
169	174
170	175
171	177
172	178
173	179
174	180
175	181
176	182
177	183
178	184
179	185
180	186
181	187
182	188
183	189
184	190
185	191
186	192
187	193
188	194
189	196
190	197
191	198
192	199
193	200
194	201
195	202
196	203
197	204
198	205
199	206
200	207
201	208
202	209
203	210
204	211
205	212
206	213
207	214
208	215
209	216
210	217
211	218
212	219
213	220
214	221
215	222
216	223
217	224
218	225
219	226
220	227
221	228
222	229
223	230
224	231
225	232
226	233
227	234
228	235
229	236
230	237
231	238
232	239
233	240
234	241
235	242
236	243
237	244
238	245
239	246
240	247
241	248
242	249
243	250
244	251
245	252
246	253
247	254
248	255
249	256
250	257
251	258
252	259
253	260
254	261
255	262
256	263
257	264
258	265
259	266
260	267
261	268
262	269
263	270
264	271
265	272
266	273
267	274
268	275
269	276
270	277
271	278
272	279
273	280
274	281
275	282
276	283
277	284
278	285
279	286
280	287
281	288
282	289
283	290
284	291
285	292
286	293
287	294
288	295
289	296
290	297
291	298
292	299
293	300
294	301
295	302
296	303
297	304
298	305
299	306
300	307
301	308
302	309
303	310
304	311
305	312
306	313
307	314
308	315
309	316
310	317
311	318
312	319
313	320
314	321
315	322
316	323
317	324
318	325
319	326
320	327
321	328
322	329
323	330
324	331
325	332
326	333
327	334
328	335
329	336
330	337
331	338
332	339
333	340
334	341
335	342
336	343
337	344
338	345
339	346
340	347
341	348
342	349
343	350
344	351
345	352
346	353
347	354
348	355
349	356
350	357
351	358
352	359
353	360
354	361
355	362
356	363
357	364
358	365
359	366
360	367
361	368
362	369
363	370
364	371
365	372
366	374
367	375
368	376
369	377
370	379
371	380
372	381
373	382
374	383
375	384
376	385
377	386
378	387
379	388
380	389
381	390
382	391
383	392
384	393
385	394
386	395
387	396
388	397
389	399
390	400
391	401
392	402
393	406
394	407
395	408
396	409
397	411
398	412
399	415
400	416
401	417
402	418
403	419
404	420
405	421
406	422
407	423
408	424
409	425
410	426
411	427
412	428
413	429
414	430
415	431
416	432
417	433
418	434
419	436
420	437
421	438
422	439
423	440
424	441
425	442
426	443
427	444
428	445
429	446
430	447
431	448
432	449
433	450
434	451
435	453
436	454
437	455
438	456
439	457
440	459
441	460
442	461
443	462
444	463
445	464
446	465
447	466
448	467
449	468
450	469
451	471
452	472
453	473
454	474
455	475
456	476
457	477
458	478
459	479
460	480
461	482
462	483
463	484
464	485
465	486
466	487
467	488
468	489
469	490
470	491
471	492
472	494
473	495
474	496
475	498
476	499
477	500
478	501
479	502
480	504
481	505
482	508
483	509
484	510
485	511
486	512
487	513
488	514
489	515
490	516
491	517
492	520
493	521
494	522
495	523
496	524
497	525
498	526
499	528
500	529
501	531
502	532
503	534
504	535
505	536
506	537
507	538
508	539
509	540
510	541
511	542
512	543
513	544
514	545
515	546
516	547
517	548
518	549
519	550
520	551
521	552
522	553
523	554
524	555
525	556
526	557
527	558
528	559
529	560
530	561
531	562
532	563
533	564
534	565
535	566
536	567
537	569
538	570
539	571
540	572
541	573
542	574
543	575
544	576
545	577
546	578
547	579
548	580
549	581
550	582
551	583
552	584
553	585
554	586
555	587
556	588
557	589
558	590
559	591
560	592
561	593
562	594
563	595
564	596
565	597
566	598
567	599
568	600
569	601
570	602
571	603
572	604
573	605
574	606
575	607
576	608
577	609
578	610
579	611
580	612
581	613
582	614
583	615
584	617
585	618
586	619
587	620
588	622
589	623
590	624
591	625
592	626
593	627
594	628
595	629
596	630
597	631
598	632
599	633
600	634
601	635
602	636
603	638
604	639
605	640
606	641
607	642
608	643
609	644
610	645
611	646
612	647
613	648
614	649
615	650
616	651
617	652
618	653
619	654
620	657
621	658
622	659
623	660
624	663
625	664
626	665
627	666
628	667
629	668
630	669
631	670
632	671
633	672
634	674
635	675
636	677
637	678
638	679
639	680
640	681
641	682
642	683
643	684
644	685
645	686
646	687
647	688
648	689
649	690
650	691
651	692
652	693
653	694
654	695
655	696
656	697
657	698
658	699
659	700
660	701
661	702
662	703
663	704
664	705
665	706
666	707
667	708
668	709
669	710
670	711
671	712
672	713
673	714
674	715
675	716
676	717
677	718
678	719
679	720
680	721
681	722
682	723
683	724
684	725
685	726
686	727
687	728
688	729
689	730
690	731
691	732
692	733
693	734
694	735
695	736
696	737
697	738
698	739
699	740
700	741
701	742
702	743
703	744
704	745
705	746
706	747
707	748
708	749
709	750
710	751
711	752
712	753
713	754
714	755
715	756
716	757
717	758
718	759
719	760
720	761
721	762
722	763
723	765
724	766
725	768
726	769
727	770
728	771
729	772
730	773
731	774
732	775
733	776
734	777
735	778
736	779
737	780
738	781
739	782
740	783
741	784
742	785
743	786
744	787
745	788
746	789
747	790
748	791
749	792
750	793
751	794
752	795
753	796
754	797
755	799
756	801
757	802
758	803
759	804
760	805
761	806
762	807
763	808
764	809
765	810
766	811
767	812
768	813
769	814
770	815
771	816
772	817
773	818
774	819
775	820
776	821
777	822
778	823
779	824
780	825
781	826
782	827
783	828
784	829
785	830
786	831
787	832
788	833
789	834
790	835
791	836
792	837
793	838
794	839
795	840
796	841
797	842
798	843
799	844
800	845
801	846
802	847
803	848
804	849
805	850
806	851
807	852
808	853
809	854
810	855
811	856
812	857
813	858
814	859
815	860
816	861
817	862
818	863
819	864
820	865
821	866
822	867
823	868
824	870
825	871
826	872
827	873
828	874
829	875
830	876
831	877
832	878
833	879
834	880
835	881
836	882
837	884
838	885
839	886
840	887
841	888
842	889
843	890
844	891
845	892
846	893
847	894
848	896
849	897
850	898
851	899
852	900
853	901
854	902
855	903
856	905
857	906
858	907
859	908
860	909
861	910
862	911
863	912
864	913
865	914
866	915
867	916
868	917
869	918
870	919
871	920
872	921
873	922
874	923
875	924
876	925
877	927
878	928
879	929
880	930
881	931
882	932
883	933
884	934
885	935
886	936
887	937
888	938
889	939
890	940
891	941
892	942
893	943
894	944
895	945
896	946
897	947
898	948
899	949
900	950
901	951
902	952
903	953
904	954
905	955
906	956
907	957
908	958
909	959
910	960
911	961
912	962
913	963
914	964
915	965
916	966
917	967
918	968
919	969
920	970
921	971
922	972
923	973
924	974
925	975
926	977
927	978
928	980
929	981
930	982
931	983
932	984
933	985
934	986
935	987
936	988
937	989
938	990
939	991
940	992
941	993
942	994
943	995
944	996
945	997
946	998
947	999
948	1000
949	1001
950	1002
951	1003
952	1004
953	1005
954	1006
955	1007
956	1008
957	1009
958	1010
959	1011
960	1012
961	1013
962	1014
963	1015
964	1016
965	1017
966	1018
967	1019
968	1020
969	1021
970	1022
971	1023
972	1024
973	1025
974	1026
975	1027
976	1028
977	1029
978	1030
979	1031
980	1032
981	1033
982	1035
983	1036
984	1037
985	1038
986	1040
987	1041
988	1042
989	1043
990	1044
991	1045
992	1046
993	1047
994	1048
995	1049
996	1050
997	1051
998	1052
999	1053
1000	1054
1001	1055
1002	1056
1003	1057
1004	1058
1005	1059
1006	1060
1007	1061
1008	1062
1009	1063
1010	1064
1011	1065
1012	1066
1013	1067
1014	1068
1015	1069
1016	1070
1017	1071
1018	1072
1019	1073
1020	1074
1021	1075
1022	1076
1023	1077
1024	1078
1025	1079
1026	1080
1027	1081
1028	1082
1029	1084
1030	1085
1031	1086
1032	1087
1033	1088
1034	1089
1035	1090
1036	1091
1037	1092
1038	1093
1039	1094
1040	1095
1041	1096
1042	1097
1043	1098
1044	1099
1045	1100
1046	1101
1047	1102
1048	1103
1049	1104
1050	1105
1051	1106
1052	1107
1053	1108
1054	1109
1055	1110
1056	1111
1057	1112
1058	1113
1059	1114
1060	1115
1061	1116
1062	1117
1063	1118
1064	1119
1065	1120
1066	1121
1067	1122
1068	1123
1069	1124
1070	1125
1071	1126
1072	1127
1073	1128
1074	1129
1075	1130
1076	1132
1077	1133
1078	1134
1079	1135
1080	1136
1081	1137
1082	1138
1083	1139
1084	1140
1085	1141
1086	1142
1087	1143
1088	1144
1089	1145
1090	1146
1091	1147
1092	1148
1093	1149
1094	1150
1095	1151
1096	1152
1097	1153
1098	1154
1099	1155
1100	1156
1101	1157
1102	1158
1103	1159
1104	1160
1105	1161
1106	1162
1107	1163
1108	1164
1109	1165
1110	1166
1111	1167
1112	1168
1113	1169
1114	1170
1115	1171
1116	1172
1117	1173
1118	1174
1119	1175
1120	1176
1121	1177
1122	1178
1123	1179
1124	1180
1125	1181
1126	1182
1127	1183
1128	1184
1129	1185
1130	1186
1131	1187
1132	1188
1133	1189
1134	1190
1135	1191
1136	1192
1137	1193
1138	1194
1139	1195
1140	1196
1141	1197
1142	1198
1143	1199
1144	1200
1145	1201
1146	1202
1147	1203
1148	1204
1149	1205
1150	1206
1151	1207
1152	1208
1153	1209
1154	1210
1155	1211
1156	1212
1157	1213
1158	1214
1159	1215
1160	1216
1161	1217
1162	1218
1163	1219
1164	1220
1165	1221
1166	1222
1167	1223
1168	1224
1169	1225
1170	1226
1171	1227
1172	1228
1173	1229
1174	1230
1175	1231
1176	1232
1177	1233
1178	1234
1179	1235
1180	1236
1181	1237
1182	1238
1183	1239
1184	1240
1185	1241
1186	1242
1187	1243
1188	1244
1189	1245
1190	1246
1191	1247
1192	1248
1193	1249
1194	1250
1195	1251
1196	1252
1197	1253
1198	1254
1199	1255
1200	1256
1201	1257
1202	1258
1203	1259
1204	1260
1205	1261
1206	1262
1207	1264
1208	1265
1209	1266
1210	1269
1211	1271
1212	1272
1213	1275
1214	1276
1215	1277
1216	1278
1217	1279
1218	1280
1219	1281
1220	1282
1221	1283
1222	1284
1223	1285
1224	1286
1225	1287
1226	1288
1227	1289
1228	1290
1229	1291
1230	1292
1231	1293
1232	1294
1233	1295
1234	1296
1235	1297
1236	1298
1237	1299
1238	1301
1239	1302
1240	1303
1241	1304
1242	1305
1243	1306
1244	1307
1245	1308
1246	1309
1247	1310
1248	1311
1249	1312
1250	1313
1251	1314
1252	1315
1253	1316
1254	1317
1255	1319
1256	1320
1257	1321
1258	1322
1259	1323
1260	1325
1261	1326
1262	1327
1263	1328
1264	1329
1265	1330
1266	1331
1267	1332
1268	1333
1269	1334
1270	1335
1271	1336
1272	1337
1273	1338
1274	1339
1275	1340
1276	1341
1277	1342
1278	1343
1279	1344
1280	1345
1281	1346
1282	1347
1283	1348
1284	1349
1285	1350
1286	1351
1287	1352
1288	1353
1289	1354
1290	1355
1291	1356
1292	1357
1293	1358
1294	1359
1295	1360
1296	1361
1297	1362
1298	1363
1299	1364
1300	1365
1301	1366
1302	1367
1303	1368
1304	1369
1305	1370
1306	1371
1307	1372
1308	1373
1309	1374
1310	1375
1311	1376
1312	1377
1313	1378
1314	1379
1315	1380
1316	1381
1317	1382
1318	1383
1319	1384
1320	1385
1321	1386
1322	1387
1323	1388
1324	1389
1325	1390
1326	1391
1327	1392
1328	1393
1329	1394
1330	1395
1331	1396
1332	1397
1333	1398
1334	1399
1335	1400
1336	1401
1337	1402
1338	1403
1339	1404
1340	1405
1341	1406
1342	1407
1343	1408
1344	1409
1345	1410
1346	1411
1347	1412
1348	1413
1349	1414
1350	1415
1351	1416
1352	1417
1353	1418
1354	1419
1355	1420
1356	1421
1357	1422
1358	1423
1359	1424
1360	1425
1361	1426
1362	1427
1363	1428
1364	1429
1365	1430
1366	1431
1367	1432
1368	1433
1369	1434
1370	1435
1371	1436
1372	1437
1373	1438
1374	1439
1375	1440
1376	1441
1377	1442
1378	1443
1379	1444
1380	1445
1381	1446
1382	1447
1383	1448
1384	1449
1385	1450
1386	1451
1387	1452
1388	1453
1389	1454
1390	1455
1391	1456
1392	1457
1393	1458
1394	1459
1395	1460
1396	1461
1397	1462
1398	1463
1399	1464
1400	1465
1401	1466
1402	1467
1403	1468
1404	1469
1405	1470
1406	1471
1407	1472
1408	1473
1409	1474
1410	1475
1411	1476
1412	1477
1413	1479
1414	1480
1415	1481
1416	1482
1417	1483
1418	1484
1419	1485
1420	1487
1421	1488
1422	1489
1423	1490
1424	1491
1425	1492
1426	1494
1427	1495
1428	1498
1429	1499
1430	1500
1431	1501
1432	1502
1433	1503
1434	1504
1435	1505
1436	1506
1437	1507
1438	1508
1439	1509
1440	1510
1441	1511
1442	1512
1443	1513
1444	1515
1445	1516
1446	1517
1447	1518
1448	1519
1449	1520
1450	1521
1451	1522
1452	1523
1453	1524
1454	1525
1455	1526
1456	1527
1457	1528
1458	1529
1459	1530
1460	1531
1461	1532
1462	1533
1463	1534
1464	1535
1465	1536
1466	1537
1467	1538
1468	1539
1469	1540
1470	1541
1471	1542
1472	1543
1473	1544
1474	1545
1475	1546
1476	1547
1477	1548
1478	1549
1479	1550
1480	1551
1481	1552
1482	1553
1483	1554
1484	1555
1485	1556
1486	1557
1487	1559
1488	1560
1489	1561
1490	1562
1491	1563
1492	1564
1493	1565
1494	1566
1495	1567
1496	1568
1497	1569
1498	1570
1499	1571
1500	1572
1501	1573
1502	1574
1503	1575
1504	1576
1505	1577
1506	1578
1507	1579
1508	1580
1509	1581
1510	1582
1511	1583
1512	1585
1513	1586
1514	1587
1515	1588
1516	1589
1517	1590
1518	1591
1519	1592
1520	1593
1521	1594
1522	1595
1523	1596
1524	1597
1525	1598
1526	1599
1527	1600
1528	1601
1529	1602
1530	1603
1531	1604
1532	1605
1533	1606
1534	1607
1535	1608
1536	1609
1537	1610
1538	1611
1539	1612
1540	1613
1541	1614
1542	1615
1543	1616
1544	1617
1545	1618
1546	1619
1547	1620
1548	1621
1549	1622
1550	1623
1551	1624
1552	1625
1553	1626
1554	1627
1555	1628
1556	1629
1557	1630
1558	1631
1559	1632
1560	1633
1561	1634
1562	1635
1563	1636
1564	1637
1565	1638
1566	1639
1567	1640
1568	1641
1569	1642
1570	1643
1571	1644
1572	1645
1573	1647
1574	1648
1575	1649
1576	1650
1577	1651
1578	1652
1579	1653
1580	1654
1581	1655
1582	1656
1583	1657
1584	1658
1585	1659
1586	1660
1587	1661
1588	1662
1589	1663
1590	1664
1591	1665
1592	1666
1593	1667
1594	1668
1595	1669
1596	1670
1597	1672
1598	1673
1599	1674
1600	1675
1601	1676
1602	1677
1603	1678
1604	1679
1605	1680
1606	1681
1607	1682
1608	1683
1609	1684
1610	1685
1611	1686
1612	1687
1613	1688
1614	1689
1615	1690
1616	1691
1617	1692
1618	1693
1619	1694
1620	1695
1621	1696
1622	1697
1623	1698
1624	1699
1625	1700
1626	1701
1627	1702
1628	1703
1629	1704
1630	1705
1631	1706
1632	1707
1633	1708
1634	1709
1635	1710
1636	1711
1637	1712
1638	1713
1639	1714
1640	1715
1641	1716
1642	1717
1643	1718
1644	1719
1645	1720
1646	1721
1647	1722
1648	1723
1649	1724
1650	1725
1651	1726
1652	1727
1653	1728
1654	1729
1655	1730
1656	1731
1657	1732
1658	1733
1659	1734
1660	1736
1661	1737
1662	1738
1663	1739
1664	1740
1665	1741
1666	1742
1667	1743
1668	1744
1669	1745
1670	1746
1671	1747
1672	1748
1673	1749
1674	1750
1675	1751
1676	1752
1677	1753
1678	1754
1679	1755
1680	1756
1681	1757
1682	1758
1683	1759
1684	1760
1685	1761
1686	1762
1687	1763
1688	1764
1689	1765
1690	1766
1691	1767
1692	1768
1693	1769
1694	1770
1695	1771
1696	1772
1697	1773
1698	1774
1699	1775
1700	1776
1701	1777
1702	1778
1703	1779
1704	1780
1705	1781
1706	1782
1707	1783
1708	1784
1709	1785
1710	1786
1711	1787
1712	1788
1713	1789
1714	1790
1715	1791
1716	1792
1717	1793
1718	1794
1719	1795
1720	1796
1721	1797
1722	1798
1723	1799
1724	1800
1725	1801
1726	1802
1727	1803
1728	1804
1729	1805
1730	1806
1731	1807
1732	1808
1733	1809
1734	1810
1735	1811
1736	1812
1737	1813
1738	1814
1739	1815
1740	1816
1741	1817
1742	1818
1743	1819
1744	1820
1745	1821
1746	1822
1747	1823
1748	1824
1749	1825
1750	1826
1751	1827
1752	1829
1753	1830
1754	1831
1755	1832
1756	1833
1757	1834
1758	1835
1759	1836
1760	1837
1761	1838
1762	1839
1763	1840
1764	1841
1765	1842
1766	1843
1767	1844
1768	1845
1769	1846
1770	1847
1771	1848
1772	1849
1773	1850
1774	1851
1775	1852
1776	1853
1777	1854
1778	1855
1779	1856
1780	1857
1781	1858
1782	1860
1783	1861
1784	1862
1785	1863
1786	1864
1787	1865
1788	1866
1789	1867
1790	1868
1791	1870
1792	1871
1793	1872
1794	1873
1795	1875
1796	1876
1797	1877
1798	1878
1799	1879
1800	1881
1801	1882
1802	1883
1803	1884
1804	1885
1805	1886
1806	1887
1807	1888
1808	1889
1809	1890
1810	1891
1811	1892
1812	1893
1813	1894
1814	1895
1815	1896
1816	1897
1817	1898
1818	1899
1819	1900
1820	1901
1821	1902
1822	1903
1823	1904
1824	1905
1825	1906
1826	1907
1827	1908
1828	1909
1829	1910
1830	1911
1831	1912
1832	1913
1833	1914
1834	1915
1835	1918
1836	1919
1837	1920
1838	1921
1839	1923
1840	1924
1841	1925
1842	1926
1843	1927
1844	1928
1845	1929
1846	1930
1847	1932
1848	1933
1849	1934
1850	1935
1851	1936
1852	1937
1853	1939
1854	1940
1855	1941
1856	1942
1857	1943
1858	1944
1859	1945
1860	1946
1861	1947
1862	1948
1863	1949
1864	1950
1865	1951
1866	1952
1867	1953
1868	1954
1869	1956
1870	1957
1871	1958
1872	1959
1873	1960
1874	1961
1875	1962
1876	1963
1877	1964
1878	1965
1879	1966
1880	1967
1881	1968
1882	1969
1883	1970
1884	1972
1885	1973
1886	1974
1887	1975
1888	1976
1889	1977
1890	1978
1891	1979
1892	1980
1893	1981
1894	1982
1895	1983
1896	1984
1897	1985
1898	1986
1899	1987
1900	1988
1901	1989
1902	1990
1903	1991
1904	1992
1905	1993
1906	1994
1907	1995
1908	1996
1909	1997
1910	1998
1911	1999
1912	2000
1913	2001
1914	2002
1915	2003
1916	2004
1917	2005
1918	2006
1919	2007
1920	2008
1921	2009
1922	2010
1923	2011
1924	2012
1925	2013
1926	2014
1927	2015
1928	2016
1929	2017
1930	2018
1931	2019
1932	2020
1933	2021
1934	2022
1935	2023
1936	2024
1937	2025
1938	2026
1939	2027
1940	2028
1941	2030
1942	2031
1943	2032
1944	2033
1945	2034
1946	2035
1947	2036
1948	2037
1949	2038
1950	2039
1951	2040
1952	2041
1953	2042
1954	2043
1955	2044
1956	2045
1957	2046
1958	2047
1959	2048
1960	2050
1961	2051
1962	2052
1963	2053
1964	2054
1965	2055
1966	2056
1967	2057
1968	2058
1969	2059
1970	2060
1971	2061
1972	2062
1973	2063
1974	2064
1975	2065
1976	2066
1977	2067
1978	2068
1979	2069
1980	2070
1981	2071
1982	2072
1983	2073
1984	2074
1985	2075
1986	2076
1987	2077
1988	2078
1989	2079
1990	2080
1991	2081
1992	2082
1993	2083
1994	2084
1995	2085
1996	2086
1997	2087
1998	2088
1999	2089
2000	2090
2001	2091
2002	2092
2003	2093
2004	2094
2005	2095
2006	2096
2007	2097
2008	2098
2009	2099
2010	2100
2011	2101
2012	2102
2013	2103
2014	2104
2015	2106
2016	2107
2017	2108
2018	2109
2019	2110
2020	2111
2021	2112
2022	2113
2023	2114
2024	2115
2025	2116
2026	2117
2027	2118
2028	2119
2029	2120
2030	2121
2031	2122
2032	2123
2033	2124
2034	2125
2035	2126
2036	2127
2037	2128
2038	2129
2039	2130
2040	2131
2041	2132
2042	2133
2043	2134
2044	2135
2045	2137
2046	2138
2047	2139
2048	2140
2049	2141
2050	2142
2051	2143
2052	2144
2053	2145
2054	2146
2055	2147
2056	2148
2057	2149
2058	2151
2059	2152
2060	2153
2061	2154
2062	2155
2063	2156
2064	2157
2065	2158
2066	2159
2067	2160
2068	2161
2069	2162
2070	2163
2071	2164
2072	2165
2073	2166
2074	2167
2075	2168
2076	2169
2077	2170
2078	2171
2079	2172
2080	2173
2081	2174
2082	2175
2083	2176
2084	2177
2085	2178
2086	2179
2087	2180
2088	2181
2089	2182
2090	2183
2091	2184
2092	2185
2093	2186
2094	2187
2095	2188
2096	2189
2097	2190
2098	2191
2099	2192
2100	2193
2101	2194
2102	2195
2103	2196
2104	2197
2105	2198
2106	2199
2107	2200
2108	2201
2109	2202
2110	2203
2111	2204
2112	2205
2113	2206
2114	2207
2115	2208
2116	2209
2117	2210
2118	2211
2119	2212
2120	2213
2121	2214
2122	2215
2123	2216
2124	2217
2125	2218
2126	2219
2127	2220
2128	2221
2129	2222
2130	2223
2131	2224
2132	2225
2133	2226
2134	2227
2135	2228
2136	2229
2137	2230
2138	2231
2139	2232
2140	2233
2141	2234
2142	2235
2143	2236
2144	2237
2145	2238
2146	2239
2147	2240
2148	2241
2149	2242
2150	2243
2151	2244
2152	2245
2153	2246
2154	2247
2155	2248
2156	2249
2157	2250
2158	2251
2159	2252
2160	2253
2161	2254
2162	2255
2163	2256
2164	2257
2165	2258
2166	2259
2167	2260
2168	2261
2169	2262
2170	2263
2171	2264
2172	2265
2173	2266
2174	2267
2175	2268
2176	2269
2177	2270
2178	2271
2179	2272
2180	2273
2181	2274
2182	2275
2183	2276
2184	2277
2185	2278
2186	2279
2187	2280
2188	2281
2189	2282
2190	2283
2191	2284
2192	2285
2193	2286
2194	2287
2195	2288
2196	2289
2197	2290
2198	2291
2199	2292
2200	2293
2201	2294
2202	2295
2203	2296
2204	2297
2205	2298
2206	2299
2207	2300
2208	2301
2209	2302
2210	2303
2211	2304
2212	2305
2213	2306
2214	2307
2215	2308
2216	2309
2217	2310
2218	2311
2219	2312
2220	2313
2221	2314
2222	2315
2223	2316
2224	2317
2225	2318
2226	2319
2227	2320
2228	2321
2229	2322
2230	2323
2231	2324
2232	2325
2233	2326
2234	2327
2235	2328
2236	2329
2237	2330
2238	2331
2239	2332
2240	2333
2241	2334
2242	2335
2243	2336
2244	2337
2245	2338
2246	2339
2247	2340
2248	2341
2249	2342
2250	2343
2251	2344
2252	2345
2253	2346
2254	72
2255	78
2256	138
2257	148
2258	149
2259	176
2260	195
2261	373
2262	378
2263	398
2264	403
2265	404
2266	405
2267	410
2268	413
2269	414
2270	435
2271	452
2272	458
2273	470
2274	481
2275	493
2276	497
2277	503
2278	506
2279	507
2280	518
2281	519
2282	527
2283	530
2284	533
2285	568
2286	616
2287	621
2288	637
2289	655
2290	656
2291	661
2292	662
2293	673
2294	676
2295	764
2296	767
2297	798
2298	800
2299	869
2300	883
2301	895
2302	904
2303	926
2304	976
2305	979
2306	1034
2307	1039
2308	1083
2309	1131
2310	1263
2311	1267
2312	1268
2313	1270
2314	1273
2315	1274
2316	1300
2317	1318
2318	1324
2319	1478
2320	1486
2321	1493
2322	1496
2323	1497
2324	1514
2325	1558
2326	1584
2327	1646
2328	1671
2329	1735
2330	1828
2331	1859
2332	1869
2333	1874
2334	1880
2335	1916
2336	1917
2337	1922
2338	1931
2339	1938
2340	1955
2341	1971
2342	2029
2343	2049
2344	2105
2345	2136
2346	2150
2347	2347
2348	2348
2349	2349
2350	2350
2351	2351
2352	2352
2353	2353
2354	2354
2355	2355
2356	2356
2357	2357
2358	2358
2359	2359
2360	2360
2361	2361
2362	2362
2363	2363
2364	2364
2365	2365
2366	2366
2367	2367
2368	2368
2369	2369
2370	2370
2371	2371
2372	2372
2373	2373
2374	2374
2375	2375
2376	2376
2377	2377
2378	2378
2379	2379
2380	2380
2381	2381
2382	2382
2383	2383
2384	2384
2385	2385
2386	2386
2387	2387
2388	2388
2389	2389
2390	2390
2391	2391
2392	2392
2393	2393
2394	2394
2395	2395
2396	2396
2397	2397
2398	2398
2399	2399
2400	2400
2401	2401
2402	2402
2403	2403
2404	2404
2405	2405
2406	2406
2407	2407
2408	2408
2409	2409
2410	2410
2411	2411
2412	2412
2413	2413
2414	2414
2415	2415
2416	2416
2417	2417
2418	2418
2419	2419
2420	2420
2421	2421
2422	2422
2423	2423
2424	2424
2425	2425
2426	2426
2427	2427
2428	2428
2429	2429
2430	2430
2431	2431
2432	2432
2433	2433
2434	2434
2435	2435
2436	2436
2437	2437
2438	2438
2439	2439
2440	2440
2441	2441
2442	2442
2443	2443
2444	2444
2445	2445
2446	2446
2447	2447
2448	2448
2449	2449
2450	2450
2451	2451
2452	2452
2453	2453
2454	2454
2455	2455
2456	2456
2457	2457
2458	2458
2459	2459
2460	2460
2461	2461
2462	2462
2463	2463
2464	2464
2465	2465
2466	2466
2467	2467
2468	2468
2469	2469
2470	2470
2471	2471
2472	2472
2473	2473
2474	2474
2475	2475
2476	2476
2477	2477
2478	2478
2479	2479
2480	2480
2481	2481
2482	2482
2483	2483
2484	2484
2485	2485
2486	2486
2487	2487
2488	2488
2489	2489
2490	2490
2491	2491
2492	2492
2493	2493
2494	2494
2495	2495
2496	2496
2497	2497
2498	2498
2499	2499
2500	2500
2501	2501
2502	2502
2503	2503
2504	2504
2505	2505
2506	2506
2507	2507
2508	2508
2509	2509
2510	2510
2511	2511
2512	2512
2513	2513
2514	2514
2515	2515
2516	2516
2517	2517
2518	2518
2519	2519
2520	2520
2521	2521
2522	2522
2523	2523
2524	2524
2525	2525
2526	2526
2527	2527
2528	2528
2529	2529
2530	2530
2531	2531
2532	2532
2533	2533
2534	2534
2535	2535
2536	2536
2537	2537
2538	2538
2539	2539
2540	2540
2541	2541
2542	2542
2543	2543
2544	2544
2545	2545
2546	2546
2547	2547
2548	2548
2549	2549
2550	2550
2551	2551
2552	2552
2553	2553
2554	2554
2555	2555
2556	2556
2557	2557
2558	2558
2559	2559
2560	2560
2561	2561
2562	2562
2563	2563
2564	2564
2565	2565
2566	2566
2567	2567
2568	2568
2569	2569
2570	2570
2571	2571
2572	2572
2573	2573
2574	2574
2575	2575
2576	2576
2577	2577
2578	2578
2579	2579
2580	2580
2581	2581
2582	2582
2583	2583
2584	2584
2585	2585
2586	2586
2587	2587
2588	2588
2589	2589
2590	2590
2591	2591
2592	2592
2593	2593
2594	2594
2595	2595
2596	2596
2597	2597
2598	2598
2599	2599
2600	2600
2601	2601
2602	2602
2603	2603
2604	2604
2605	2605
2606	2606
2607	2607
2608	2608
2609	2609
2610	2610
2611	2611
2612	2612
2613	2613
2614	2614
2615	2615
2616	2616
2617	2617
2618	2618
2619	2619
2620	2620
2621	2621
2622	2622
2623	2623
2624	2624
2625	2625
2626	2626
2627	2627
2628	2628
2629	2629
2630	2630
2631	2631
2632	2632
2633	2633
2634	2634
2635	2635
2636	2636
2637	2637
2638	2638
2639	2639
2640	2640
2641	2641
2642	2642
2643	2643
2644	2644
2645	2645
2646	2646
2647	2647
2648	2648
2649	2649
2650	2650
2651	2651
2652	2652
2653	2653
2654	2654
2655	2655
2656	2656
2657	2657
2658	2658
2659	2659
2660	2660
2661	2661
2662	2662
2663	2663
2664	2664
2665	2665
2666	2666
2667	2667
2668	2668
2669	2669
2670	2670
2671	2671
2672	2672
2673	2673
2674	2674
2675	2675
2676	2676
2677	2677
2678	2678
2679	2679
2680	2680
2681	2681
2682	2682
2683	2683
2684	2684
2685	2685
2686	2686
2687	2687
2688	2688
2689	2689
2690	2690
2691	2691
2692	2692
2693	2693
2694	2694
2695	2695
2696	2696
2697	2697
2698	2698
2699	2699
2700	2700
2701	2701
2702	2702
2703	2703
2704	2704
2705	2705
2706	2706
2707	2707
2708	2708
2709	2709
2710	2710
2711	2711
2712	2712
2713	2713
2714	2714
2715	2715
2716	2716
2717	2717
2718	2718
2719	2719
2720	2720
2721	2721
2722	2722
2723	2723
2724	2724
2725	2725
2726	2726
2727	2727
2728	2728
2729	2729
2730	2730
2731	2731
2732	2732
2733	2733
2734	2734
2735	2735
2736	2736
2737	2737
2738	2738
2739	2739
2740	2740
2741	2741
2742	2742
2743	2743
2744	2744
2745	2745
2746	2746
2747	2747
2748	2748
2749	2749
2750	2750
2751	2751
2752	2752
2753	2753
2754	2754
2755	2755
2756	2756
2757	2757
2758	2758
2759	2759
2760	2760
2761	2761
2762	2762
2763	2763
2764	2764
2765	2765
2766	2766
2767	2767
2768	2768
2769	2769
2770	2770
2771	2771
2772	2772
2773	2773
2774	2774
2775	2775
2776	2776
2777	2777
2778	2778
2779	2779
2780	2780
2781	2781
2782	2782
2783	2783
2784	2784
2785	2785
2786	2786
2787	2787
2788	2788
2789	2789
2790	2790
2791	2791
2792	2792
2793	2793
2794	2794
2795	2795
2796	2796
2797	2797
2798	2798
2799	2799
2800	2800
2801	2801
2802	2802
2803	2803
2804	2804
2805	2805
2806	2806
2807	2807
2808	2808
2809	2809
2810	2810
2811	2811
2812	2812
2813	2813
2814	2814
2815	2815
2816	2816
2817	2817
2818	2818
2819	2819
2820	2820
2821	2821
2822	2822
2823	2823
2824	2824
2825	2825
2826	2826
2827	2827
2828	2828
2829	2829
2830	2830
2831	2831
2832	2832
2833	2833
2834	2834
2835	2835
2836	2836
2837	2837
2838	2838
2839	2839
2840	2840
2841	2841
2842	2842
2843	2843
2844	2844
2845	2845
2846	2846
2847	2847
2848	2848
2849	2849
2850	2850
2851	2851
2852	2852
2853	2853
2854	2854
2855	2855
2856	2856
2857	2857
2858	2858
2859	2859
2860	2860
2861	2861
2862	2862
2863	2863
2864	2864
2865	2865
2866	2866
2867	2867
2868	2868
2869	2869
2870	2870
2871	2871
2872	2872
2873	2873
2874	2874
2875	2875
2876	2876
2877	2877
2878	2878
2879	2879
2880	2880
2881	2881
2882	2882
2883	2883
2884	2884
2885	2885
2886	2886
2887	2887
2888	2888
2889	2889
2890	2890
2891	2891
2892	2892
2893	2893
2894	2894
2895	2895
2896	2896
2897	2897
2898	2898
2899	2899
2900	2900
2901	2901
2902	2902
2903	2903
2904	2904
2905	2905
2906	2906
2907	2907
2908	2908
2909	2909
2910	2910
2911	2911
2912	2912
2913	2913
2914	2914
2915	2915
2916	2916
2917	2917
2918	2918
2919	2919
2920	2920
2921	2921
2922	2922
2923	2923
2924	2924
2925	2925
2926	2926
2927	2927
2928	2928
2929	2929
2930	2930
2931	2931
2932	2932
2933	2933
2934	2934
2935	2935
2936	2936
2937	2937
2938	2938
2939	2939
2940	2940
2941	2941
2942	2942
2943	2943
2944	2944
2945	2945
2946	2946
2947	2947
2948	2948
2949	2949
2950	2950
2951	2951
2952	2952
2953	2953
2954	2954
2955	2955
2956	2956
2957	2957
2958	2958
2959	2959
2960	2960
2961	2961
2962	2962
2963	2963
2964	2964
2965	2965
2966	2966
2967	2967
2968	2968
2969	2969
2970	2970
2971	2971
2972	2972
2973	2973
2974	2974
2975	2975
2976	2976
2977	2977
2978	2978
2979	2979
2980	2980
2981	2981
2982	2982
2983	2983
2984	2984
2985	2985
2986	2986
2987	2987
2988	2988
2989	2989
2990	2990
2991	2991
2992	2992
2993	2993
2994	2994
2995	2995
2996	2996
2997	2997
2998	2998
2999	2999
3000	3000
3001	3001
3002	3002
3003	3003
3004	3004
3005	3005
3006	3006
3007	3007
3008	3008
3009	3009
3010	3010
3011	3011
3012	3012
3013	3013
3014	3014
3015	3015
3016	3016
3017	3017
3018	3018
3019	3019
3020	3020
3021	3021
3022	3022
3023	3023
3024	3024
3025	3025
3026	3026
3027	3027
3028	3028
3029	3029
3030	3030
3031	3031
3032	3032
3033	3033
3034	3034
3035	3035
3036	3036
3037	3037
3038	3038
3039	3039
3040	3040
3041	3041
3042	3042
3043	3043
3044	3044
3045	3045
3046	3046
3047	3047
3048	3048
3049	3049
3050	3050
3051	3051
3052	3052
3053	3053
3054	3054
3055	3055
3056	3056
3057	3057
3058	3058
3059	3059
3060	3060
3061	3061
3062	3062
3063	3063
3064	3064
3065	3065
3066	3066
3067	3067
3068	3068
3069	3069
3070	3070
3071	3071
3072	3072
3073	3073
3074	3074
3075	3075
3076	3076
3077	3077
3078	3078
3079	3079
3080	3080
3081	3081
3082	3082
3083	3083
3084	3084
3085	3085
3086	3086
3087	3087
3088	3088
3089	3089
3090	3090
3091	3091
3092	3092
3093	3093
3094	3094
3095	3095
3096	3096
3097	3097
3098	3098
3099	3099
3100	3100
3101	3101
3102	3102
3103	3103
3104	3104
3105	3105
3106	3106
3107	3107
3108	3108
3109	3109
3110	3110
3111	3111
3112	3112
3113	3113
3114	3114
3115	3115
3116	3116
3117	3117
3118	3118
3119	3119
3120	3120
3121	3121
3122	3122
3123	3123
3124	3124
3125	3125
3126	3126
3127	3127
3128	3128
3129	3129
3130	3130
3131	3131
3132	3132
3133	3133
3134	3134
3135	3135
3136	3136
3137	3137
3138	3138
3139	3139
3140	3140
3141	3141
3142	3142
3143	3143
3144	3144
3145	3145
3146	3146
3147	3147
3148	3148
3149	3149
3150	3150
3151	3151
3152	3152
3153	3153
3154	3154
3155	3155
3156	3156
3157	3157
3158	3158
3159	3159
3160	3160
3161	3161
3162	3162
3163	3163
3164	3164
3165	3165
3166	3166
3167	3167
3168	3168
3169	3169
3170	3170
3171	3171
3172	3172
3173	3173
3174	3174
3175	3175
3176	3176
3177	3177
3178	3178
3179	3179
3180	3180
3181	3181
3182	3182
3183	3183
3184	3184
3185	3185
3186	3186
3187	3187
3188	3188
3189	3189
3190	3190
3191	3191
3192	3192
3193	3193
3194	3194
3195	3195
3196	3196
3197	3197
3198	3198
3199	3199
3200	3200
3201	3201
3202	3202
3203	3203
3204	3204
3205	3205
3206	3206
3207	3207
3208	3208
3209	3209
3210	3210
3211	3211
3212	3212
3213	3213
3214	3214
3215	3215
3216	3216
3217	3217
3218	3218
3219	3219
3220	3220
3221	3221
3222	3222
3223	3223
3224	3224
3225	3225
3226	3226
3227	3227
3228	3228
3229	3229
3230	3230
3231	3231
3232	3232
3233	3233
3234	3234
3235	3235
3236	3236
3237	3237
3238	3238
3239	3239
3240	3240
3241	3241
3242	3242
3243	3243
3244	3244
3245	3245
3246	3246
3247	3247
3248	3248
3249	3249
3250	3250
3251	3251
3252	3252
3253	3253
3254	3254
3255	3255
3256	3256
3257	3257
3258	3258
3259	3259
3260	3260
3261	3261
3262	3262
3263	3263
3264	3264
3265	3265
3266	3266
3267	3267
3268	3268
3269	3269
3270	3270
3271	3271
3272	3272
3273	3273
3274	3274
3275	3275
3276	3276
3277	3277
3278	3278
3279	3279
3280	3280
3281	3281
3282	3282
3283	3283
3284	3284
3285	3285
3286	3286
3287	3287
3288	3288
3289	3289
3290	3290
3291	3291
3292	3292
3293	3293
3294	3294
3295	3295
3296	3296
3297	3297
3298	3298
3299	3299
3300	3300
3301	3301
3302	3302
3303	3303
3304	3304
3305	3305
3306	3306
3307	3307
3308	3308
3309	3309
3310	3310
3311	3311
3312	3312
3313	3313
3314	3314
3315	3315
3316	3316
3317	3317
3318	3318
3319	3319
3320	3320
3321	3321
3322	3322
3323	3323
3324	3324
3325	3325
3326	3326
3327	3327
3328	3328
3329	3329
3330	3330
3331	3331
3332	3332
3333	3333
3334	3334
3335	3335
3336	3336
3337	3337
3338	3338
3339	3339
3340	3340
3341	3341
3342	3342
3343	3343
3344	3344
3345	3345
3346	3346
3347	3347
3348	3348
3349	3349
3350	3350
3351	3351
3352	3352
3353	3353
3354	3354
3355	3355
3356	3356
3357	3357
3358	3358
3359	3359
3360	3360
3361	3361
3362	3362
3363	3363
3364	3364
3365	3365
3366	3366
3367	3367
3368	3368
3369	3369
3370	3370
3371	3371
3372	3372
3373	3373
3374	3374
3375	3375
3376	3376
3377	3377
3378	3378
3379	3379
3380	3380
3381	3381
3382	3382
3383	3383
3384	3384
3385	3385
3386	3386
3387	3387
3388	3388
3389	3389
3390	3390
3391	3391
3392	3392
3393	3393
3394	3394
3395	3395
3396	3396
3397	3397
3398	3398
3399	3399
3400	3400
3401	3401
3402	3402
3403	3403
3404	3404
3405	3405
3406	3406
3407	3407
3408	3408
3409	3409
3410	3410
3411	3411
3412	3412
3413	3413
3414	3414
3415	3415
3416	3416
3417	3417
3418	3418
3419	3419
3420	3420
3421	3421
3422	3422
3423	3423
3424	3424
3425	3425
3426	3426
3427	3427
3428	3428
3429	3429
3430	3430
3431	3431
3432	3432
3433	3433
3434	3434
3435	3435
3436	3436
3437	3437
3438	3438
3439	3439
3440	3440
3441	3441
3442	3442
3443	3443
3444	3444
3445	3445
3446	3446
3447	3447
3448	3448
3449	3449
3450	3450
3451	3451
3452	3452
3453	3453
3454	3454
3455	3455
3456	3456
3457	3457
3458	3458
3459	3459
3460	3460
3461	3461
3462	3462
3463	3463
3464	3464
3465	3465
3466	3466
3467	3467
3468	3468
3469	3469
3470	3470
3471	3471
3472	3472
3473	3473
3474	3474
3475	3475
3476	3476
3477	3477
3478	3478
3479	3479
3480	3480
3481	3481
3482	3482
3483	3483
3484	3484
3485	3485
3486	3486
3487	3487
3488	3488
3489	3489
3490	3490
3491	3491
3492	3492
3493	3493
3494	3494
3495	3495
3496	3496
3497	3497
3498	3498
3499	3499
3500	3500
3501	3501
3502	3502
3503	3503
3504	3504
3505	3505
3506	3506
3507	3507
3508	3508
3509	3509
3510	3510
3511	3511
3512	3512
3513	3513
3514	3514
3515	3515
3516	3516
3517	3517
3518	3518
3519	3519
3520	3520
3521	3521
3522	3522
3523	3523
3524	3524
3525	3525
3526	3526
3527	3527
3528	3528
3529	3529
3530	3530
3531	3531
3532	3532
3533	3533
3534	3534
3535	3535
3536	3536
3537	3537
3538	3538
3539	3539
3540	3540
3541	3541
3542	3542
3543	3543
3544	3544
3545	3545
3546	3546
3547	3547
3548	3548
3549	3549
3550	3550
3551	3551
3552	3552
3553	3553
3554	3554
3555	3555
3556	3556
3557	3557
3558	3558
3559	3559
3560	3560
3561	3561
3562	3562
3563	3563
3564	3564
3565	3565
3566	3566
3567	3567
3568	3568
3569	3569
3570	3570
3571	3571
3572	3572
3573	3573
3574	3574
3575	3575
3576	3576
3577	3577
3578	3578
3579	3579
3580	3580
3581	3581
3582	3582
3583	3583
3584	3584
3585	3585
3586	3586
3587	3587
3588	3588
3589	3589
3590	3590
3591	3591
3592	3592
3593	3593
3594	3594
3595	3595
3596	3596
3597	3597
3598	3598
3599	3599
3600	3600
3601	3601
3602	3602
3603	3603
3604	3604
3605	3605
3606	3606
3607	3607
3608	3608
3609	3609
3610	3610
3611	3611
3612	3612
3613	3613
3614	3614
3615	3615
3616	3616
3617	3617
3618	3618
3619	3619
3620	3620
3621	3621
3622	3622
3623	3623
3624	3624
3625	3625
3626	3626
3627	3627
3628	3628
3629	3629
3630	3630
3631	3631
3632	3632
3633	3633
3634	3634
3635	3635
3636	3636
3637	3637
3638	3638
3639	3639
3640	3640
3641	3641
3642	3642
3643	3643
3644	3644
3645	3645
3646	3646
3647	3647
3648	3648
3649	3649
3650	3650
3651	3651
3652	3652
3653	3653
3654	3654
3655	3655
3656	3656
3657	3657
3658	3658
3659	3659
3660	3660
3661	3661
3662	3662
3663	3663
3664	3664
3665	3665
3666	3666
3667	3667
3668	3668
3669	3669
3670	3670
3671	3671
3672	3672
3673	3673
3674	3674
3675	3675
3676	3676
3677	3677
3678	3678
3679	3679
3680	3680
3681	3681
3682	3682
3683	3683
3684	3684
3685	3685
3686	3686
3687	3687
3688	3688
3689	3689
3690	3690
3691	3691
3692	3692
3693	3693
3694	3694
3695	3695
3696	3696
3697	3697
3698	3698
3699	3699
3700	3700
3701	3701
3702	3702
3703	3703
3704	3704
3705	3705
3706	3706
3707	3707
3708	3708
3709	3709
3710	3710
3711	3711
3712	3712
3713	3713
3714	3714
3715	3715
3716	3716
3717	3717
3718	3718
3719	3719
3720	3720
3721	3721
3722	3722
3723	3723
3724	3724
3725	3725
3726	3726
3727	3727
3728	3728
3729	3729
3730	3730
3731	3731
3732	3732
3733	3733
3734	3734
3735	3735
3736	3736
3737	3737
3738	3738
3739	3739
3740	3740
3741	3741
3742	3742
3743	3743
3744	3744
3745	3745
3746	3746
3747	3747
3748	3748
3749	3749
3750	3750
3751	3751
3752	3752
3753	3753
3754	3754
3755	3755
3756	3756
3757	3757
3758	3758
3759	3759
3760	3760
3761	3761
3762	3762
3763	3763
3764	3764
3765	3765
3766	3766
3767	3767
3768	3768
3769	3769
3770	3770
3771	3771
3772	3772
3773	3773
3774	3774
3775	3775
3776	3776
3777	3777
3778	3778
3779	3779
3780	3780
3781	3781
3782	3782
3783	3783
3784	3784
3785	3785
3786	3786
3787	3787
3788	3788
3789	3789
3790	3790
3791	3791
3792	3792
3793	3793
3794	3794
3795	3795
3796	3796
3797	3797
3798	3798
3799	3799
3800	3800
3801	3801
3802	3802
3803	3803
3804	3804
3805	3805
3806	3806
3807	3807
3808	3808
3809	3809
3810	3810
3811	3811
3812	3812
3813	3813
3814	3814
3815	3815
3816	3816
3817	3817
3818	3818
3819	3819
3820	3820
3821	3821
3822	3822
3823	3823
3824	3824
3825	3825
3826	3826
3827	3827
3828	3828
3829	3829
3830	3830
3831	3831
3832	3832
3833	3833
3834	3834
3835	3835
3836	3836
3837	3837
3838	3838
3839	3839
3840	3840
3841	3841
3842	3842
3843	3843
3844	3844
3845	3845
3846	3846
3847	3847
3848	3848
3849	3849
3850	3850
3851	3851
3852	3852
3853	3853
3854	3854
3855	3855
3856	3856
3857	3857
3858	3858
3859	3859
3860	3860
3861	3861
3862	3862
3863	3863
3864	3864
3865	3865
3866	3866
3867	3867
3868	3868
3869	3869
3870	3870
3871	3871
3872	3872
3873	3873
3874	3874
3875	3875
3876	3876
3877	3877
3878	3878
3879	3879
3880	3880
3881	3881
3882	3882
3883	3883
3884	3884
3885	3885
3886	3886
3887	3887
3888	3888
3889	3889
3890	3890
3891	3891
3892	3892
3893	3893
3894	3894
3895	3895
3896	3896
3897	3897
3898	3898
3899	3899
3900	3900
3901	3901
3902	3902
3903	3903
3904	3904
3905	3905
3906	3906
3907	3907
3908	3908
3909	3909
3910	3910
3911	3911
3912	3912
3913	3913
3914	3914
3915	3915
3916	3916
3917	3917
3918	3918
3919	3919
3920	3920
3921	3921
3922	3922
3923	3923
3924	3924
3925	3925
3926	3926
3927	3927
3928	3928
3929	3929
3930	3930
3931	3931
3932	3932
3933	3933
3934	3934
3935	3935
3936	3936
3937	3937
3938	3938
3939	3939
3940	3940
3941	3941
3942	3942
3943	3943
3944	3944
3945	3945
3946	3946
3947	3947
3948	3948
3949	3949
3950	3950
3951	3951
3952	3952
3953	3953
3954	3954
3955	3955
3956	3956
3957	3957
3958	3958
3959	3959
3960	3960
3961	3961
3962	3962
3963	3963
3964	3964
3965	3965
3966	3966
3967	3967
3968	3968
3969	3969
3970	3970
3971	3971
3972	3972
3973	3973
3974	3974
3975	3975
3976	3976
3977	3977
3978	3978
3979	3979
3980	3980
3981	3981
3982	3982
3983	3983
3984	3984
3985	3985
3986	3986
3987	3987
3988	3988
3989	3989
3990	3990
3991	3991
3992	3992
3993	3993
3994	3994
3995	3995
3996	3996
3997	3997
3998	3998
3999	3999
4000	4000
4001	4001
4002	4002
4003	4003
4004	4004
4005	4005
4006	4006
4007	4007
4008	4008
4009	4009
4010	4010
4011	4011
4012	4012
4013	4013
4014	4014
4015	4015
4016	4016
4017	4017
4018	4018
4019	4019
4020	4020
4021	4021
4022	4022
4023	4023
4024	4024
4025	4025
4026	4026
4027	4027
4028	4028
4029	4029
4030	4030
4031	4031
4032	4032
4033	4033
4034	4034
4035	4035
4036	4036
4037	4037
4038	4038
4039	4039
4040	4040
4041	4041
4042	4042
4043	4043
4044	4044
4045	4045
4046	4046
4047	4047
4048	4048
4049	4049
4050	4050
4051	4051
4052	4052
4053	4053
4054	4054
4055	4055
4056	4056
4057	4057
4058	4058
4059	4059
4060	4060
4061	4061
4062	4062
4063	4063
4064	4064
4065	4065
4066	4066
4067	4067
4068	4068
4069	4069
4070	4070
4071	4071
4072	4072
4073	4073
4074	4074
4075	4075
4076	4076
4077	4077
4078	4078
4079	4079
4080	4080
4081	4081
4082	4082
4083	4083
4084	4084
4085	4085
4086	4086
4087	4087
4088	4088
4089	4089
4090	4090
4091	4091
4092	4092
4093	4093
4094	4094
4095	4095
4096	4096
4097	4097
4098	4098
4099	4099
4100	4100
4101	4101
4102	4102
4103	4103
4104	4104
4105	4105
4106	4106
4107	4107
4108	4108
4109	4109
4110	4110
4111	4111
4112	4112
4113	4113
4114	4114
4115	4115
4116	4116
4117	4117
4118	4118
4119	4119
4120	4120
4121	4121
4122	4122
4123	4123
4124	4124
4125	4125
4126	4126
4127	4127
4128	4128
4129	4129
4130	4130
4131	4131
4132	4132
4133	4133
4134	4134
4135	4135
4136	4136
4137	4137
4138	4138
4139	4139
4140	4140
4141	4141
4142	4142
4143	4143
4144	4144
4145	4145
4146	4146
4147	4147
4148	4148
4149	4149
4150	4150
4151	4151
4152	4152
4153	4153
4154	4154
4155	4155
4156	4156
4157	4157
4158	4158
4159	4159
4160	4160
4161	4161
4162	4162
4163	4163
4164	4164
4165	4165
4166	4166
4167	4167
4168	4168
4169	4169
4170	4170
4171	4171
4172	4172
4173	4173
4174	4174
4175	4175
4176	4176
4177	4177
4178	4178
4179	4179
4180	4180
4181	4181
4182	4182
4183	4183
4184	4184
4185	4185
4186	4186
4187	4187
4188	4188
4189	4189
4190	4190
4191	4191
4192	4192
4193	4193
4194	4194
4195	4195
4196	4196
4197	4197
4198	4198
4199	4199
4200	4200
4201	4201
4202	4202
4203	4203
4204	4204
4205	4205
4206	4206
4207	4207
4208	4208
4209	4209
4210	4210
4211	4211
4212	4212
4213	4213
4214	4214
4215	4215
4216	4216
4217	4217
4218	4218
4219	4219
4220	4220
4221	4221
4222	4222
4223	4223
4224	4224
4225	4225
4226	4226
4227	4227
4228	4228
4229	4229
4230	4230
4231	4231
4232	4232
4233	4233
4234	4234
4235	4235
4236	4236
4237	4237
4238	4238
4239	4239
4240	4240
4241	4241
4242	4242
4243	4243
4244	4244
4245	4245
4246	4246
4247	4247
4248	4248
4249	4249
4250	4250
4251	4251
4252	4252
4253	4253
4254	4254
4255	4255
4256	4256
4257	4257
4258	4258
4259	4259
4260	4260
4261	4261
4262	4262
4263	4263
4264	4264
4265	4265
4266	4266
4267	4267
4268	4268
4269	4269
4270	4270
4271	4271
4272	4272
4273	4273
4274	4274
4275	4275
4276	4276
4277	4277
4278	4278
4279	4279
4280	4280
4281	4281
4282	4282
4283	4283
4284	4284
4285	4285
4286	4286
4287	4287
4288	4288
4289	4289
4290	4290
4291	4291
4292	4292
4293	4293
4294	4294
4295	4295
4296	4296
4297	4297
4298	4298
4299	4299
4300	4300
4301	4301
4302	4302
4303	4303
4304	4304
4305	4305
4306	4306
4307	4307
4308	4308
4309	4309
4310	4310
4311	4311
4312	4312
4313	4313
4314	4314
4315	4315
4316	4316
4317	4317
4318	4318
4319	4319
4320	4320
4321	4321
4322	4322
4323	4323
4324	4324
4325	4325
4326	4326
4327	4327
4328	4328
4329	4329
4330	4330
4331	4331
4332	4332
4333	4333
4334	4334
4335	4335
4336	4336
4337	4337
4338	4338
4339	4339
4340	4340
4341	4341
4342	4342
4343	4343
4344	4344
4345	4345
4346	4346
4347	4347
4348	4348
4349	4349
4350	4350
4351	4351
4352	4352
4353	4353
4354	4354
4355	4355
4356	4356
4357	4357
4358	4358
4359	4359
4360	4360
4361	4361
4362	4362
4363	4363
4364	4364
4365	4365
4366	4366
4367	4367
4368	4368
4369	4369
4370	4370
4371	4371
4372	4372
4373	4373
4374	4374
4375	4375
4376	4376
4377	4377
4378	4378
4379	4379
4380	4380
4381	4381
4382	4382
4383	4383
4384	4384
4385	4385
4386	4386
4387	4387
4388	4388
4389	4389
4390	4390
4391	4391
4392	4392
4393	4393
4394	4394
4395	4395
4396	4396
4397	4397
4398	4398
4399	4399
4400	4400
4401	4401
4402	4402
4403	4403
4404	4404
4405	4405
4406	4406
4407	4407
4408	4408
4409	4409
4410	4410
4411	4411
4412	4412
4413	4413
4414	4414
4415	4415
4416	4416
4417	4417
4418	4418
4419	4419
4420	4420
4421	4421
4422	4422
4423	4423
4424	4424
4425	4425
4426	4426
4427	4427
4428	4428
4429	4429
4430	4430
4431	4431
4432	4432
4433	4433
4434	4434
4435	4435
4436	4436
4437	4437
4438	4438
4439	4439
4440	4440
4441	4441
4442	4442
4443	4443
4444	4444
4445	4445
4446	4446
4447	4447
4448	4448
4449	4449
4450	4450
4451	4451
4452	4452
4453	4453
4454	4454
4455	4455
4456	4456
4457	4457
4458	4458
4459	4459
4460	4460
4461	4461
4462	4462
4463	4463
4464	4464
4465	4465
4466	4466
4467	4467
4468	4468
4469	4469
4470	4470
4471	4471
4472	4472
4473	4473
4474	4474
4475	4475
4476	4476
4477	4477
4478	4478
4479	4479
4480	4480
4481	4481
4482	4482
4483	4483
4484	4484
4485	4485
4486	4486
4487	4487
4488	4488
4489	4489
4490	4490
4491	4491
4492	4492
4493	4493
4494	4494
4495	4495
4496	4496
4497	4497
4498	4498
4499	4499
4500	4500
4501	4501
4502	4502
4503	4503
4504	4504
4505	4505
4506	4506
4507	4507
4508	4508
4509	4509
4510	4510
4511	4511
4512	4512
4513	4513
4514	4514
4515	4515
4516	4516
4517	4517
4518	4518
4519	4519
4520	4520
4521	4521
4522	4522
4523	4523
4524	4524
4525	4525
4526	4526
4527	4527
4528	4528
4529	4529
4530	4530
4531	4531
4532	4532
4533	4533
4534	4534
4535	4535
4536	4536
4537	4537
4538	4538
4539	4539
4540	4540
4541	4541
4542	4542
4543	4543
4544	4544
4545	4545
4546	4546
4547	4547
4548	4548
4549	4549
4550	4550
4551	4551
4552	4552
4553	4553
4554	4554
4555	4555
4556	4556
4557	4557
4558	4558
4559	4559
4560	4560
4561	4561
4562	4562
4563	4563
4564	4564
4565	4565
4566	4566
4567	4567
4568	4568
4569	4569
4570	4570
4571	4571
4572	4572
4573	4573
4574	4574
4575	4575
4576	4576
4577	4577
4578	4578
4579	4579
4580	4580
4581	4581
4582	4582
4583	4583
4584	4584
4585	4585
4586	4586
4587	4587
4588	4588
4589	4589
4590	4590
4591	4591
4592	4592
4593	4593
4594	4594
4595	4595
4596	4596
4597	4597
4598	4598
4599	4599
4600	4600
4601	4601
4602	4602
4603	4603
4604	4604
4605	4605
4606	4606
4607	4607
4608	4608
4609	4609
4610	4610
4611	4611
4612	4612
4613	4613
4614	4614
4615	4615
4616	4616
4617	4617
4618	4618
4619	4619
4620	4620
4621	4621
4622	4622
4623	4623
4624	4624
4625	4625
4626	4626
4627	4627
4628	4628
4629	4629
4630	4630
4631	4631
4632	4632
4633	4633
4634	4634
4635	4635
4636	4636
4637	4637
4638	4638
4639	4639
4640	4640
4641	4641
4642	4642
4643	4643
4644	4644
4645	4645
4646	4646
4647	4647
4648	4648
4649	4649
4650	4650
4651	4651
4652	4652
4653	4653
4654	4654
4655	4655
4656	4656
4657	4657
4658	4658
4659	4659
4660	4660
4661	4661
4662	4662
4663	4663
4664	4664
4665	4665
4666	4666
4667	4667
4668	4668
4669	4669
4670	4670
4671	4671
4672	4672
4673	4673
4674	4674
4675	4675
4676	4676
4677	4677
4678	4678
4679	4679
4680	4680
4681	4681
4682	4682
4683	4683
4684	4684
4685	4685
4686	4686
4687	4687
4688	4688
4689	4689
4690	4690
4691	4691
4692	4692
4693	4693
4694	4694
4695	4695
4696	4696
4697	4697
4698	4698
4699	4699
4700	4700
4701	4701
4702	4702
4703	4703
4704	4704
4705	4705
4706	4706
4707	4707
4708	4708
4709	4709
4710	4710
4711	4711
4712	4712
4713	4713
4714	4714
4715	4715
4716	4716
4717	4717
4718	4718
4719	4719
4720	4720
4721	4721
4722	4722
4723	4723
4724	4724
4725	4725
4726	4726
4727	4727
4728	4728
4729	4729
4730	4730
4731	4731
4732	4732
4733	4733
4734	4734
4735	4735
4736	4736
4737	4737
4738	4738
4739	4739
4740	4740
4741	4741
4742	4742
4743	4743
4744	4744
4745	4745
4746	4746
4747	4747
4748	4748
4749	4749
4750	4750
4751	4751
4752	4752
4753	4753
4754	4754
4755	4755
4756	4756
4757	4757
4758	4758
4759	4759
4760	4760
4761	4761
4762	4762
4763	4763
4764	4764
4765	4765
4766	4766
4767	4767
4768	4768
4769	4769
4770	4770
4771	4771
4772	4772
4773	4773
4774	4774
4775	4775
4776	4776
4777	4777
4778	4778
4779	4779
4780	4780
4781	4781
4782	4782
4783	4783
4784	4784
4785	4785
4786	4786
4787	4787
4788	4788
4789	4789
4790	4790
4791	4791
4792	4792
4793	4793
4794	4794
4795	4795
4796	4796
4797	4797
4798	4798
4799	4799
4800	4800
4801	4801
4802	4802
4803	4803
4804	4804
4805	4805
4806	4806
4807	4807
4808	4808
4809	4809
4810	4810
4811	4811
4812	4812
4813	4813
4814	4814
4815	4815
4816	4816
4817	4817
4818	4818
4819	4819
4820	4820
4821	4821
4822	4822
4823	4823
4824	4824
4825	4825
4826	4826
4827	4827
4828	4828
4829	4829
4830	4830
4831	4831
4832	4832
4833	4833
4834	4834
4835	4835
4836	4836
4837	4837
4838	4838
4839	4839
4840	4840
4841	4841
4842	4842
4843	4843
4844	4844
4845	4845
4846	4846
4847	4847
4848	4848
4849	4849
4850	4850
4851	4851
4852	4852
4853	4853
4854	4854
4855	4855
4856	4856
4857	4857
4858	4858
4859	4859
4860	4860
4861	4861
4862	4862
4863	4863
4864	4864
4865	4865
4866	4866
4867	4867
4868	4868
4869	4869
4870	4870
4871	4871
4872	4872
4873	4873
4874	4874
4875	4875
4876	4876
4877	4877
4878	4878
4879	4879
4880	4880
4881	4881
4882	4882
4883	4883
4884	4884
4885	4885
4886	4886
4887	4887
4888	4888
4889	4889
4890	4890
4891	4891
4892	4892
4893	4893
4894	4894
4895	4895
4896	4896
4897	4897
4898	4898
4899	4899
4900	4900
4901	4901
4902	4902
4903	4903
4904	4904
4905	4905
4906	4906
4907	4907
4908	4908
4909	4909
4910	4910
4911	4911
4912	4912
4913	4913
4914	4914
4915	4915
4916	4916
4917	4917
4918	4918
4919	4919
4920	4920
4921	4921
4922	4922
4923	4923
4924	4924
4925	4925
4926	4926
4927	4927
4928	4928
4929	4929
4930	4930
4931	4931
4932	4932
4933	4933
4934	4934
4935	4935
4936	4936
4937	4937
4938	4938
4939	4939
4940	4940
4941	4941
4942	4942
4943	4943
4944	4944
4945	4945
4946	4946
4947	4947
4948	4948
4949	4949
4950	4950
4951	4951
4952	4952
4953	4953
4954	4954
4955	4955
4956	4956
4957	4957
4958	4958
4959	4959
4960	4960
4961	4961
4962	4962
4963	4963
4964	4964
4965	4965
4966	4966
4967	4967
4968	4968
4969	4969
4970	4970
4971	4971
4972	4972
4973	4973
4974	4974
4975	4975
4976	4976
4977	4977
4978	4978
4979	4979
4980	4980
4981	4981
4982	4982
4983	4983
4984	4984
4985	4985
4986	4986
4987	4987
4988	4988
4989	4989
4990	4990
4991	4991
4992	4992
4993	4993
4994	4994
4995	4995
4996	4996
4997	4997
4998	4998
4999	4999
5000	5000
5001	5001
5002	5002
5003	5003
5004	5004
5005	5005
5006	5006
5007	5007
5008	5008
5009	5009
5010	5010
5011	5011
5012	5012
5013	5013
5014	5014
5015	5015
5016	5016
5017	5017
5018	5018
5019	5019
5020	5020
5021	5021
5022	5022
5023	5023
5024	5024
5025	5025
5026	5026
5027	5027
5028	5028
5029	5029
5030	5030
5031	5031
5032	5032
5033	5033
5034	5034
5035	5035
5036	5036
5037	5037
5038	5038
5039	5039
5040	5040
5041	5041
5042	5042
5043	5043
5044	5044
5045	5045
5046	5046
5047	5047
5048	5048
5049	5049
5050	5050
5051	5051
5052	5052
5053	5053
5054	5054
5055	5055
5056	5056
5057	5057
5058	5058
5059	5059
5060	5060
5061	5061
5062	5062
5063	5063
5064	5064
5065	5065
5066	5066
5067	5067
5068	5068
5069	5069
5070	5070
5071	5071
5072	5072
5073	5073
5074	5074
5075	5075
5076	5076
5077	5077
5078	5078
5079	5079
5080	5080
5081	5081
5082	5082
5083	5083
5084	5084
5085	5085
5086	5086
5087	5087
5088	5088
5089	5089
5090	5090
5091	5091
5092	5092
5093	5093
5094	5094
5095	5095
5096	5096
5097	5097
5098	5098
5099	5099
5100	5100
5101	5101
5102	5102
5103	5103
5104	5104
5105	5105
5106	5106
5107	5107
5108	5108
5109	5109
5110	5110
5111	5111
5112	5112
5113	5113
5114	5114
5115	5115
5116	5116
5117	5117
5118	5118
5119	5119
5120	5120
5121	5121
5122	5122
5123	5123
5124	5124
5125	5125
5126	5126
5127	5127
5128	5128
5129	5129
5130	5130
5131	5131
5132	5132
5133	5133
5134	5134
5135	5135
5136	5136
5137	5137
5138	5138
5139	5139
5140	5140
5141	5141
5142	5142
5143	5143
5144	5144
5145	5145
5146	5146
5147	5147
5148	5148
5149	5149
5150	5150
5151	5151
5152	5152
5153	5153
5154	5154
5155	5155
5156	5156
5157	5157
5158	5158
5159	5159
5160	5160
5161	5161
5162	5162
5163	5163
5164	5164
5165	5165
5166	5166
5167	5167
5168	5168
5169	5169
5170	5170
5171	5171
5172	5172
5173	5173
5174	5174
5175	5175
5176	5176
5177	5177
5178	5178
5179	5179
5180	5180
5181	5181
5182	5182
5183	5183
5184	5184
5185	5185
5186	5186
5187	5187
5188	5188
5189	5189
5190	5190
5191	5191
5192	5192
5193	5193
5194	5194
5195	5195
5196	5196
5197	5197
5198	5198
5199	5199
5200	5200
5201	5201
5202	5202
5203	5203
5204	5204
5205	5205
5206	5206
5207	5207
5208	5208
5209	5209
5210	5210
5211	5211
5212	5212
5213	5213
5214	5214
5215	5215
5216	5216
5217	5217
5218	5218
5219	5219
5220	5220
5221	5221
5222	5222
5223	5223
5224	5224
5225	5225
5226	5226
5227	5227
5228	5228
5229	5229
5230	5230
5231	5231
5232	5232
5233	5233
5234	5234
5235	5235
5236	5236
5237	5237
5238	5238
5239	5239
5240	5240
5241	5241
5242	5242
5243	5243
5244	5244
5245	5245
5246	5246
5247	5247
5248	5248
5249	5249
5250	5250
5251	5251
5252	5252
5253	5253
5254	5254
5255	5255
5256	5256
5257	5257
5258	5258
5259	5259
5260	5260
5261	5261
5262	5262
5263	5263
5264	5264
5265	5265
5266	5266
5267	5267
5268	5268
5269	5269
5270	5270
5271	5271
5272	5272
5273	5273
5274	5274
5275	5275
5276	5276
5277	5277
5278	5278
5279	5279
5280	5280
5281	5281
5282	5282
5283	5283
5284	5284
5285	5285
5286	5286
5287	5287
5288	5288
5289	5289
5290	5290
5291	5291
5292	5292
5293	5293
5294	5294
5295	5295
5296	5296
5297	5297
5298	5298
5299	5299
5300	5300
5301	5301
5302	5302
5303	5303
5304	5304
5305	5305
5306	5306
5307	5307
5308	5308
5309	5309
5310	5310
5311	5311
5312	5312
5313	5313
5314	5314
5315	5315
5316	5316
5317	5317
5318	5318
5319	5319
5320	5320
5321	5321
5322	5322
5323	5323
5324	5324
5325	5325
5326	5326
5327	5327
5328	5328
5329	5329
5330	5330
5331	5331
5332	5332
5333	5333
5334	5334
5335	5335
5336	5336
5337	5337
5338	5338
5339	5339
5340	5340
5341	5341
5342	5342
5343	5343
5344	5344
5345	5345
5346	5346
5347	5347
5348	5348
5349	5349
5350	5350
5351	5351
5352	5352
5353	5353
5354	5354
5355	5355
5356	5356
5357	5357
5358	5358
5359	5359
5360	5360
5361	5361
5362	5362
5363	5363
5364	5364
5365	5365
5366	5366
5367	5367
5368	5368
5369	5369
5370	5370
5371	5371
5372	5372
5373	5373
5374	5374
5375	5375
5376	5376
5377	5377
5378	5378
5379	5379
5380	5380
5381	5381
5382	5382
5383	5383
5384	5384
5385	5385
5386	5386
5387	5387
5388	5388
5389	5389
5390	5390
5391	5391
5392	5392
5393	5393
5394	5394
5395	5395
5396	5396
5397	5397
5398	5398
5399	5399
5400	5400
5401	5401
5402	5402
5403	5403
5404	5404
5405	5405
5406	5406
5407	5407
5408	5408
5409	5409
5410	5410
5411	5411
5412	5412
5413	5413
5414	5414
5415	5415
5416	5416
5417	5417
5418	5418
5419	5419
5420	5420
5421	5421
5422	5422
5423	5423
5424	5424
5425	5425
5426	5426
5427	5427
5428	5428
5429	5429
5430	5430
5431	5431
5432	5432
5433	5433
5434	5434
5435	5435
5436	5436
5437	5437
5438	5438
5439	5439
5440	5440
5441	5441
5442	5442
5443	5443
5444	5444
5445	5445
5446	5446
5447	5447
5448	5448
5449	5449
5450	5450
5451	5451
5452	5452
5453	5453
5454	5454
5455	5455
5456	5456
5457	5457
5458	5458
5459	5459
5460	5460
5461	5461
5462	5462
5463	5463
5464	5464
5465	5465
5466	5466
5467	5467
5468	5468
5469	5469
5470	5470
5471	5471
5472	5472
5473	5473
5474	5474
5475	5475
5476	5476
5477	5477
5478	5478
5479	5479
5480	5480
5481	5481
5482	5482
5483	5483
5484	5484
5485	5485
5486	5486
5487	5487
5488	5488
5489	5489
5490	5490
5491	5491
5492	5492
5493	5493
5494	5494
5495	5495
5496	5496
5497	5497
5498	5498
5499	5499
5500	5500
5501	5501
5502	5502
5503	5503
5504	5504
5505	5505
5506	5506
5507	5507
5508	5508
5509	5509
5510	5510
5511	5511
5512	5512
5513	5513
5514	5514
5515	5515
5516	5516
5517	5517
5518	5518
5519	5519
5520	5520
5521	5521
5522	5522
5523	5523
5524	5524
5525	5525
5526	5526
5527	5527
5528	5528
5529	5529
5530	5530
5531	5531
5532	5532
5533	5533
5534	5534
5535	5535
5536	5536
5537	5537
5538	5538
5539	5539
5540	5540
5541	5541
5542	5542
5543	5543
5544	5544
5545	5545
5546	5546
5547	5547
5548	5548
5549	5549
5550	5550
5551	5551
5552	5552
5553	5553
5554	5554
5555	5555
5556	5556
5557	5557
5558	5558
5559	5559
5560	5560
5561	5561
5562	5562
5563	5563
5564	5564
5565	5565
5566	5566
5567	5567
5568	5568
5569	5569
5570	5570
5571	5571
5572	5572
5573	5573
5574	5574
5575	5575
5576	5576
5577	5577
5578	5578
5579	5579
5580	5580
5581	5581
5582	5582
5583	5583
5584	5584
5585	5585
5586	5586
5587	5587
5588	5588
5589	5589
5590	5590
5591	5591
5592	5592
5593	5593
5594	5594
5595	5595
5596	5596
5597	5597
5598	5598
5599	5599
5600	5600
5601	5601
5602	5602
5603	5603
5604	5604
5605	5605
5606	5606
5607	5607
5608	5608
5609	5609
5610	5610
5611	5611
5612	5612
5613	5613
5614	5614
5615	5615
5616	5616
5617	5617
5618	5618
5619	5619
5620	5620
5621	5621
5622	5622
5623	5623
5624	5624
5625	5625
5626	5626
5627	5627
5628	5628
5629	5629
5630	5630
5631	5631
5632	5632
5633	5633
5634	5634
5635	5635
5636	5636
5637	5637
5638	5638
5639	5639
5640	5640
5641	5641
5642	5642
5643	5643
5644	5644
5645	5645
5646	5646
5647	5647
5648	5648
5649	5649
5650	5650
5651	5651
5652	5652
5653	5653
5654	5654
5655	5655
5656	5656
5657	5657
5658	5658
5659	5659
5660	5660
5661	5661
5662	5662
5663	5663
5664	5664
5665	5665
5666	5666
5667	5667
5668	5668
5669	5669
5670	5670
5671	5671
5672	5672
5673	5673
5674	5674
5675	5675
5676	5676
5677	5677
5678	5678
5679	5679
5680	5680
5681	5681
5682	5682
5683	5683
5684	5684
5685	5685
5686	5686
5687	5687
5688	5688
5689	5689
5690	5690
5691	5691
5692	5692
5693	5693
5694	5694
5695	5695
5696	5696
5697	5697
5698	5698
5699	5699
5700	5700
5701	5701
5702	5702
5703	5703
5704	5704
5705	5705
5706	5706
5707	5707
5708	5708
5709	5709
5710	5710
5711	5711
5712	5712
5713	5713
5714	5714
5715	5715
5716	5716
5717	5717
5718	5718
5719	5719
5720	5720
5721	5721
5722	5722
5723	5723
5724	5724
5725	5725
5726	5726
5727	5727
5728	5728
5729	5729
5730	5730
5731	5731
5732	5732
5733	5733
5734	5734
5735	5735
5736	5736
5737	5737
5738	5738
5739	5739
5740	5740
5741	5741
5742	5742
5743	5743
5744	5744
5745	5745
5746	5746
5747	5747
5748	5748
5749	5749
5750	5750
5751	5751
5752	5752
5753	5753
5754	5754
5755	5755
5756	5756
5757	5757
5758	5758
5759	5759
5760	5760
5761	5761
5762	5762
5763	5763
5764	5764
5765	5765
5766	5766
5767	5767
5768	5768
5769	5769
5770	5770
5771	5771
5772	5772
5773	5773
5774	5774
5775	5775
5776	5776
5777	5777
5778	5778
5779	5779
5780	5780
5781	5781
5782	5782
5783	5783
5784	5784
5785	5785
5786	5786
5787	5787
5788	5788
5789	5789
5790	5790
5791	5791
5792	5792
5793	5793
5794	5794
5795	5795
5796	5796
5797	5797
5798	5798
5799	5799
5800	5800
5801	5801
5802	5802
5803	5803
5804	5804
5805	5805
5806	5806
5807	5807
5808	5808
5809	5809
5810	5810
5811	5811
5812	5812
5813	5813
5814	5814
5815	5815
5816	5816
5817	5817
5818	5818
5819	5819
5820	5820
5821	5821
5822	5822
5823	5823
5824	5824
5825	5825
5826	5826
5827	5827
5828	5828
5829	5829
5830	5830
5831	5831
5832	5832
5833	5833
5834	5834
5835	5835
5836	5836
5837	5837
5838	5838
5839	5839
5840	5840
5841	5841
5842	5842
5843	5843
5844	5844
5845	5845
5846	5846
5847	5847
5848	5848
5849	5849
5850	5850
5851	5851
5852	5852
5853	5853
5854	5854
5855	5855
5856	5856
5857	5857
5858	5858
5859	5859
5860	5860
5861	5861
5862	5862
5863	5863
5864	5864
5865	5865
5866	5866
5867	5867
5868	5868
5869	5869
5870	5870
5871	5871
5872	5872
5873	5873
5874	5874
5875	5875
5876	5876
5877	5877
5878	5878
5879	5879
5880	5880
5881	5881
5882	5882
5883	5883
5884	5884
5885	5885
5886	5886
5887	5887
5888	5888
5889	5889
5890	5890
5891	5891
5892	5892
5893	5893
5894	5894
5895	5895
5896	5896
5897	5897
5898	5898
5899	5899
5900	5900
5901	5901
5902	5902
5903	5903
5904	5904
5905	5905
5906	5906
5907	5907
5908	5908
5909	5909
5910	5910
5911	5911
5912	5912
5913	5913
5914	5914
5915	5915
5916	5916
5917	5917
5918	5918
5919	5919
5920	5920
5921	5921
5922	5922
5923	5923
5924	5924
5925	5925
5926	5926
5927	5927
5928	5928
5929	5929
5930	5930
5931	5931
5932	5932
5933	5933
5934	5934
5935	5935
5936	5936
5937	5937
5938	5938
5939	5939
5940	5940
5941	5941
5942	5942
5943	5943
5944	5944
5945	5945
5946	5946
5947	5947
5948	5948
5949	5949
5950	5950
5951	5951
5952	5952
5953	5953
5954	5954
5955	5955
5956	5956
5957	5957
5958	5958
5959	5959
5960	5960
5961	5961
5962	5962
5963	5963
5964	5964
5965	5965
5966	5966
5967	5967
5968	5968
5969	5969
5970	5970
5971	5971
5972	5972
5973	5973
5974	5974
5975	5975
5976	5976
5977	5977
5978	5978
5979	5979
5980	5980
5981	5981
5982	5982
5983	5983
5984	5984
5985	5985
5986	5986
5987	5987
5988	5988
5989	5989
5990	5990
5991	5991
5992	5992
5993	5993
5994	5994
5995	5995
5996	5996
5997	5997
5998	5998
5999	5999
6000	6000
6001	6001
6002	6002
6003	6003
6004	6004
6005	6005
6006	6006
6007	6007
6008	6008
6009	6009
6010	6010
6011	6011
6012	6012
6013	6013
6014	6014
6015	6015
6016	6016
6017	6017
6018	6018
6019	6019
6020	6020
6021	6021
6022	6022
6023	6023
6024	6024
6025	6025
6026	6026
6027	6027
6028	6028
6029	6029
6030	6030
6031	6031
6032	6032
6033	6033
6034	6034
6035	6035
6036	6036
6037	6037
6038	6038
6039	6039
6040	6040
6041	6041
6042	6042
6043	6043
6044	6044
6045	6045
6046	6046
6047	6047
6048	6048
6049	6049
6050	6050
6051	6051
6052	6052
6053	6053
6054	6054
6055	6055
6056	6056
6057	6057
6058	6058
6059	6059
6060	6060
6061	6061
6062	6062
6063	6063
6064	6064
6065	6065
6066	6066
6067	6067
6068	6068
6069	6069
6070	6070
6071	6071
6072	6072
6073	6073
6074	6074
6075	6075
6076	6076
6077	6077
6078	6078
6079	6079
6080	6080
6081	6081
6082	6082
6083	6083
6084	6084
6085	6085
6086	6086
6087	6087
6088	6088
6089	6089
6090	6090
6091	6091
6092	6092
6093	6093
6094	6094
6095	6095
6096	6096
6097	6097
6098	6098
6099	6099
6100	6100
6101	6101
6102	6102
6103	6103
6104	6104
6105	6105
6106	6106
6107	6107
6108	6108
6109	6109
6110	6110
6111	6111
6112	6112
6113	6113
6114	6114
6115	6115
6116	6116
6117	6117
6118	6118
6119	6119
6120	6120
6121	6121
6122	6122
6123	6123
6124	6124
6125	6125
6126	6126
6127	6127
6128	6128
6129	6129
6130	6130
6131	6131
6132	6132
6133	6133
6134	6134
6135	6135
6136	6136
6137	6137
6138	6138
6139	6139
6140	6140
6141	6141
6142	6142
6143	6143
6144	6144
6145	6145
6146	6146
6147	6147
6148	6148
6149	6149
6150	6150
6151	6151
6152	6152
6153	6153
6154	6154
6155	6155
6156	6156
6157	6157
6158	6158
6159	6159
6160	6160
6161	6161
6162	6162
6163	6163
6164	6164
6165	6165
6166	6166
6167	6167
6168	6168
6169	6169
6170	6170
6171	6171
6172	6172
6173	6173
6174	6174
6175	6175
6176	6176
6177	6177
6178	6178
6179	6179
6180	6180
6181	6181
6182	6182
6183	6183
6184	6184
6185	6185
6186	6186
6187	6187
6188	6188
6189	6189
6190	6190
6191	6191
6192	6192
6193	6193
6194	6194
6195	6195
6196	6196
6197	6197
6198	6198
6199	6199
6200	6200
6201	6201
6202	6202
6203	6203
6204	6204
6205	6205
6206	6206
6207	6207
6208	6208
6209	6209
6210	6210
6211	6211
6212	6212
6213	6213
6214	6214
6215	6215
6216	6216
6217	6217
6218	6218
6219	6219
6220	6220
6221	6221
6222	6222
6223	6223
6224	6224
6225	6225
6226	6226
6227	6227
6228	6228
6229	6229
6230	6230
6231	6231
6232	6232
6233	6233
6234	6234
6235	6235
6236	6236
6237	6237
6238	6238
6239	6239
6240	6240
6241	6241
6242	6242
6243	6243
6244	6244
6245	6245
6246	6246
6247	6247
6248	6248
6249	6249
6250	6250
6251	6251
6252	6252
6253	6253
6254	6254
6255	6255
6256	6256
6257	6257
6258	6258
6259	6259
6260	6260
6261	6261
6262	6262
6263	6263
6264	6264
6265	6265
6266	6266
6267	6267
6268	6268
6269	6269
6270	6270
6271	6271
6272	6272
6273	6273
6274	6274
6275	6275
6276	6276
6277	6277
6278	6278
6279	6279
6280	6280
6281	6281
6282	6282
6283	6283
6284	6284
6285	6285
6286	6286
6287	6287
6288	6288
6289	6289
6290	6290
6291	6291
6292	6292
6293	6293
6294	6294
6295	6295
6296	6296
6297	6297
6298	6298
6299	6299
6300	6300
6301	6301
6302	6302
6303	6303
6304	6304
6305	6305
6306	6306
6307	6307
6308	6308
6309	6309
6310	6310
6311	6311
6312	6312
6313	6313
6314	6314
6315	6315
6316	6316
6317	6317
6318	6318
6319	6319
6320	6320
6321	6321
6322	6322
6323	6323
6324	6324
6325	6325
6326	6326
6327	6327
6328	6328
6329	6329
6330	6330
6331	6331
6332	6332
6333	6333
6334	6334
6335	6335
6336	6336
6337	6337
6338	6338
6339	6339
6340	6340
6341	6341
6342	6342
6343	6343
6344	6344
6345	6345
6346	6346
6347	6347
6348	6348
6349	6349
6350	6350
6351	6351
6352	6352
6353	6353
6354	6354
6355	6355
6356	6356
6357	6357
6358	6358
6359	6359
6360	6360
6361	6361
6362	6362
6363	6363
6364	6364
6365	6365
6366	6366
6367	6367
6368	6368
6369	6369
6370	6370
6371	6371
6372	6372
6373	6373
6374	6374
6375	6375
6376	6376
6377	6377
6378	6378
6379	6379
6380	6380
6381	6381
6382	6382
6383	6383
6384	6384
6385	6385
6386	6386
6387	6387
6388	6388
6389	6389
6390	6390
6391	6391
6392	6392
6393	6393
6394	6394
6395	6395
6396	6396
6397	6397
6398	6398
6399	6399
6400	6400
6401	6401
6402	6402
6403	6403
6404	6404
6405	6405
6406	6406
6407	6407
6408	6408
6409	6409
6410	6410
6411	6411
6412	6412
6413	6413
6414	6414
6415	6415
6416	6416
6417	6417
6418	6418
6419	6419
6420	6420
6421	6421
6422	6422
6423	6423
6424	6424
6425	6425
6426	6426
6427	6427
6428	6428
6429	6429
6430	6430
6431	6431
6432	6432
6433	6433
6434	6434
6435	6435
6436	6436
6437	6437
6438	6438
6439	6439
6440	6440
6441	6441
6442	6442
6443	6443
6444	6444
6445	6445
6446	6446
6447	6447
6448	6448
6449	6449
6450	6450
6451	6451
6452	6452
6453	6453
6454	6454
6455	6455
6456	6456
6457	6457
6458	6458
6459	6459
6460	6460
6461	6461
6462	6462
6463	6463
6464	6464
6465	6465
6466	6466
6467	6467
6468	6468
6469	6469
6470	6470
6471	6471
6472	6472
6473	6473
6474	6474
6475	6475
6476	6476
6477	6477
6478	6478
6479	6479
6480	6480
6481	6481
6482	6482
6483	6483
6484	6484
6485	6485
6486	6486
6487	6487
6488	6488
6489	6489
6490	6490
6491	6491
6492	6492
6493	6493
6494	6494
6495	6495
6496	6496
6497	6497
6498	6498
6499	6499
6500	6500
6501	6501
6502	6502
6503	6503
6504	6504
6505	6505
6506	6506
6507	6507
6508	6508
6509	6509
6510	6510
6511	6511
6512	6512
6513	6513
6514	6514
6515	6515
6516	6516
6517	6517
6518	6518
6519	6519
6520	6520
6521	6521
6522	6522
6523	6523
6524	6524
6525	6525
6526	6526
6527	6527
6528	6528
6529	6529
6530	6530
6531	6531
6532	6532
6533	6533
6534	6534
6535	6535
6536	6536
6537	6537
6538	6538
6539	6539
6540	6540
6541	6541
6542	6542
6543	6543
6544	6544
6545	6545
6546	6546
6547	6547
6548	6548
6549	6549
6550	6550
6551	6551
6552	6552
6553	6553
6554	6554
6555	6555
6556	6556
6557	6557
6558	6558
6559	6559
6560	6560
6561	6561
6562	6562
6563	6563
6564	6564
6565	6565
6566	6566
6567	6567
6568	6568
6569	6569
6570	6570
6571	6571
6572	6572
6573	6573
6574	6574
6575	6575
6576	6576
6577	6577
6578	6578
6579	6579
6580	6580
6581	6581
6582	6582
6583	6583
6584	6584
6585	6585
6586	6586
6587	6587
6588	6588
6589	6589
6590	6590
6591	6591
6592	6592
6593	6593
6594	6594
6595	6595
6596	6596
6597	6597
6598	6598
6599	6599
6600	6600
6601	6601
6602	6602
6603	6603
6604	6604
6605	6605
6606	6606
6607	6607
6608	6608
6609	6609
6610	6610
6611	6611
6612	6612
6613	6613
6614	6614
6615	6615
6616	6616
6617	6617
6618	6618
6619	6619
6620	6620
6621	6621
6622	6622
6623	6623
6624	6624
6625	6625
6626	6626
6627	6627
6628	6628
6629	6629
6630	6630
6631	6631
6632	6632
6633	6633
6634	6634
6635	6635
6636	6636
6637	6637
6638	6638
6639	6639
6640	6640
6641	6641
6642	6642
6643	6643
6644	6644
6645	6645
6646	6646
6647	6647
6648	6648
6649	6649
6650	6650
6651	6651
6652	6652
6653	6653
6654	6654
6655	6655
6656	6656
6657	6657
6658	6658
6659	6659
6660	6660
6661	6661
6662	6662
6663	6663
6664	6664
6665	6665
6666	6666
6667	6667
6668	6668
6669	6669
6670	6670
6671	6671
6672	6672
6673	6673
6674	6674
6675	6675
6676	6676
6677	6677
6678	6678
6679	6679
6680	6680
6681	6681
6682	6682
6683	6683
6684	6684
6685	6685
6686	6686
6687	6687
6688	6688
6689	6689
6690	6690
6691	6691
6692	6692
6693	6693
6694	6694
6695	6695
6696	6696
6697	6697
6698	6698
6699	6699
6700	6700
6701	6701
6702	6702
6703	6703
6704	6704
6705	6705
6706	6706
6707	6707
6708	6708
6709	6709
6710	6710
6711	6711
6712	6712
6713	6713
6714	6714
6715	6715
6716	6716
6717	6717
6718	6718
6719	6719
6720	6720
6721	6721
6722	6722
6723	6723
6724	6724
6725	6725
6726	6726
6727	6727
6728	6728
6729	6729
6730	6730
6731	6731
6732	6732
6733	6733
6734	6734
6735	6735
6736	6736
6737	6737
6738	6738
6739	6739
6740	6740
6741	6741
6742	6742
6743	6743
6744	6744
6745	6745
6746	6746
6747	6747
6748	6748
6749	6749
6750	6750
6751	6751
6752	6752
6753	6753
6754	6754
6755	6755
6756	6756
6757	6757
6758	6758
6759	6759
6760	6760
6761	6761
6762	6762
6763	6763
6764	6764
6765	6765
6766	6766
6767	6767
6768	6768
6769	6769
6770	6770
6771	6771
6772	6772
6773	6773
6774	6774
6775	6775
6776	6776
6777	6777
6778	6778
6779	6779
6780	6780
6781	6781
6782	6782
6783	6783
6784	6784
6785	6785
6786	6786
6787	6787
6788	6788
6789	6789
6790	6790
6791	6791
6792	6792
6793	6793
6794	6794
6795	6795
6796	6796
6797	6797
6798	6798
6799	6799
6800	6800
6801	6801
6802	6802
6803	6803
6804	6804
6805	6805
6806	6806
6807	6807
6808	6808
6809	6809
6810	6810
6811	6811
6812	6812
6813	6813
6814	6814
6815	6815
6816	6816
6817	6817
6818	6818
6819	6819
6820	6820
6821	6821
6822	6822
6823	6823
6824	6824
6825	6825
6826	6826
6827	6827
6828	6828
6829	6829
6830	6830
6831	6831
6832	6832
6833	6833
6834	6834
6835	6835
6836	6836
6837	6837
6838	6838
6839	6839
6840	6840
6841	6841
6842	6842
6843	6843
6844	6844
6845	6845
6846	6846
6847	6847
6848	6848
6849	6849
6850	6850
6851	6851
6852	6852
6853	6853
6854	6854
6855	6855
6856	6856
6857	6857
6858	6858
6859	6859
6860	6860
6861	6861
6862	6862
6863	6863
6864	6864
6865	6865
6866	6866
6867	6867
6868	6868
6869	6869
6870	6870
6871	6871
6872	6872
6873	6873
6874	6874
6875	6875
6876	6876
6877	6877
6878	6878
6879	6879
6880	6880
6881	6881
6882	6882
6883	6883
6884	6884
6885	6885
6886	6886
6887	6887
6888	6888
6889	6889
6890	6890
6891	6891
6892	6892
6893	6893
6894	6894
6895	6895
6896	6896
6897	6897
6898	6898
6899	6899
6900	6900
6901	6901
6902	6902
6903	6903
6904	6904
6905	6905
6906	6906
6907	6907
6908	6908
6909	6909
6910	6910
6911	6911
6912	6912
6913	6913
6914	6914
6915	6915
6916	6916
6917	6917
6918	6918
6919	6919
6920	6920
6921	6921
6922	6922
6923	6923
6924	6924
6925	6925
6926	6926
6927	6927
6928	6928
6929	6929
6930	6930
6931	6931
6932	6932
6933	6933
6934	6934
6935	6935
6936	6936
6937	6937
6938	6938
6939	6939
6940	6940
6941	6941
6942	6942
6943	6943
6944	6944
6945	6945
6946	6946
6947	6947
6948	6948
6949	6949
6950	6950
6951	6951
6952	6952
6953	6953
6954	6954
6955	6955
6956	6956
6957	6957
6958	6958
6959	6959
6960	6960
6961	6961
6962	6962
6963	6963
6964	6964
6965	6965
6966	6966
6967	6967
6968	6968
6969	6969
6970	6970
6971	6971
6972	6972
6973	6973
6974	6974
6975	6975
6976	6976
6977	6977
6978	6978
6979	6979
6980	6980
6981	6981
6982	6982
6983	6983
6984	6984
6985	6985
6986	6986
6987	6987
6988	6988
6989	6989
6990	6990
6991	6991
6992	6992
6993	6993
6994	6994
6995	6995
6996	6996
6997	6997
6998	6998
6999	6999
7000	7000
7001	7001
7002	7002
7003	7003
7004	7004
7005	7005
7006	7006
7007	7007
